2 0.812232 0.129167 0.143777 0.121667
2 0.467811 0.262500 0.107296 0.131667
2 0.604077 0.323333 0.152361 0.110000
2 0.067597 0.480833 0.087983 0.085000
2 0.100858 0.615000 0.094421 0.063333
2 0.375536 0.593333 0.107296 0.080000
2 0.945279 0.355000 0.109442 0.103333
2 0.774678 0.365833 0.115880 0.101667
2 0.699571 0.458333 0.081545 0.073333
2 0.565451 0.431667 0.109442 0.093333
2 0.299356 0.341667 0.165236 0.110000
2 0.469957 0.762500 0.214592 0.118333
2 0.819742 0.843333 0.287554 0.223333
2 0.326180 0.925000 0.184549 0.130000
2 0.604077 0.860000 0.744635 0.210000
