2 0.520020 0.215242 0.272461 0.306900
2 0.923828 0.161689 0.101562 0.123584
2 0.784668 0.303811 0.137695 0.121524
2 0.877441 0.353244 0.143555 0.117405
2 0.693848 0.410917 0.157227 0.123584
2 0.718750 0.621009 0.181641 0.238929
2 0.068848 0.938208 0.106445 0.088568
2 0.192871 0.561792 0.215820 0.466529
2 0.363770 0.607106 0.217773 0.167868
2 0.318848 0.843460 0.397461 0.267765
2 0.479004 0.618950 0.288086 0.158599
2 0.443359 0.464985 0.228516 0.180227
2 0.597168 0.469104 0.270508 0.200824
2 0.448730 0.733265 0.260742 0.212152
2 0.540527 0.603502 0.647461 0.587024
