1 0.182188 0.631667 0.351875 0.408333
1 0.365625 0.381667 0.281250 0.305000
1 0.749687 0.230000 0.254375 0.350000
1 0.086875 0.095417 0.172500 0.185833
1 0.287813 0.082917 0.163125 0.162500
1 0.459062 0.097083 0.161875 0.189167
1 0.134063 0.869583 0.256875 0.259167
1 0.923750 0.880833 0.152500 0.215000
1 0.680937 0.517500 0.208125 0.340000
1 0.866875 0.525417 0.257500 0.325833
1 0.864062 0.067500 0.111875 0.118333
1 0.896563 0.166667 0.093125 0.126667
1 0.966562 0.184583 0.066875 0.164167
1 0.608750 0.593333 0.728750 0.693333
