1 0.061250 0.584428 0.092500 0.103189
1 0.166250 0.595685 0.142500 0.140713
1 0.868750 0.377111 0.092500 0.120075
1 0.213750 0.327392 0.112500 0.136961
1 0.251250 0.253283 0.067500 0.060038
1 0.368750 0.351782 0.107500 0.091932
1 0.481250 0.355535 0.097500 0.088180
1 0.456250 0.198874 0.092500 0.060038
1 0.447500 0.281426 0.085000 0.052533
1 0.351250 0.267355 0.142500 0.091932
1 0.522500 0.250469 0.100000 0.088180
1 0.563750 0.344278 0.152500 0.114447
1 0.742500 0.362101 0.175000 0.112570
1 0.460000 0.596623 0.880000 0.765478
