2 0.756836 0.197522 0.056641 0.071429
2 0.620605 0.225948 0.112305 0.137026
2 0.462891 0.413265 0.074219 0.118076
2 0.617188 0.457726 0.082031 0.110787
2 0.878418 0.304665 0.034180 0.046647
2 0.148438 0.611516 0.162109 0.199708
2 0.261230 0.706997 0.120117 0.174927
2 0.109863 0.047376 0.071289 0.086006
2 0.313477 0.317784 0.041016 0.067055
2 0.229492 0.317055 0.037109 0.048105
2 0.119629 0.247085 0.061523 0.068513
2 0.198730 0.407434 0.051758 0.068513
2 0.080078 0.451166 0.056641 0.080175
2 0.051758 0.323615 0.076172 0.113703
2 0.029297 0.120262 0.056641 0.141399
2 0.060059 0.149417 0.028320 0.042274
2 0.234375 0.494898 0.044922 0.071429
2 0.933594 0.846939 0.044922 0.069971
2 0.848633 0.701895 0.066406 0.083090
2 0.950684 0.939504 0.092773 0.120991
2 0.571289 0.088192 0.031250 0.132653
2 0.399902 0.178571 0.112305 0.205539
2 0.229980 0.182945 0.063477 0.126822
2 0.242676 0.075802 0.045898 0.099125
2 0.812012 0.364431 0.018555 0.134111
2 0.988770 0.431487 0.022461 0.206997
2 0.499023 0.504373 0.992188 0.979592
