3 0.292889 0.528820 0.039111 0.060322
3 0.362222 0.616287 0.146667 0.122654
3 0.202889 0.651139 0.056444 0.059651
3 0.094444 0.680630 0.033333 0.056971
3 0.036222 0.622654 0.031556 0.050938
3 0.104889 0.633043 0.168889 0.134718
3 0.197556 0.803619 0.110667 0.095174
3 0.125556 0.830764 0.031556 0.038204
3 0.270000 0.821381 0.028889 0.051609
3 0.312667 0.813673 0.028000 0.040214
3 0.515333 0.744303 0.039556 0.054290
3 0.481778 0.906836 0.035556 0.034853
3 0.566889 0.834115 0.040444 0.056971
3 0.627778 0.802279 0.030667 0.040214
3 0.485556 0.573391 0.108889 0.103887
3 0.392889 0.441689 0.114667 0.107239
3 0.389111 0.184316 0.073333 0.093834
3 0.516889 0.114276 0.106667 0.099866
3 0.557778 0.240282 0.139556 0.118633
3 0.695556 0.273123 0.120000 0.125335
3 0.719778 0.151810 0.065333 0.047587
3 0.677111 0.529491 0.101778 0.092493
3 0.624667 0.627346 0.146222 0.130027
3 0.910222 0.572721 0.138667 0.128016
3 0.760889 0.541890 0.079111 0.078418
3 0.768222 0.792560 0.158667 0.128016
