3 0.610625 0.445000 0.198750 0.186667
3 0.323750 0.473333 0.160000 0.140000
3 0.091250 0.740000 0.177500 0.213333
3 0.338750 0.853333 0.197500 0.170000
3 0.862500 0.581667 0.187500 0.190000
3 0.771250 0.230000 0.127500 0.143333
3 0.922500 0.127500 0.155000 0.141667
3 0.326875 0.185833 0.121250 0.151667
3 0.192500 0.203333 0.117500 0.133333
3 0.496250 0.275833 0.085000 0.118333
3 0.581250 0.224167 0.132500 0.141667
3 0.476875 0.086667 0.091250 0.066667
3 0.645625 0.073333 0.116250 0.126667
3 0.072500 0.578333 0.135000 0.156667
3 0.179375 0.425000 0.146250 0.110000
3 0.204375 0.841667 0.116250 0.130000
3 0.123125 0.935833 0.113750 0.118333
3 0.101875 0.126667 0.118750 0.083333
3 0.148750 0.048333 0.187500 0.086667
3 0.760000 0.055833 0.127500 0.081667
3 0.975000 0.789167 0.047500 0.111667
