3 0.219466 0.458549 0.133588 0.160622
3 0.417939 0.474093 0.110687 0.098446
3 0.095420 0.500000 0.068702 0.077720
3 0.593511 0.533679 0.087786 0.113990
3 0.505725 0.795337 0.095420 0.119171
3 0.312977 0.316062 0.083969 0.072539
3 0.135496 0.360104 0.103053 0.088083
3 0.251908 0.248705 0.083969 0.093264
3 0.530534 0.445596 0.061069 0.062176
3 0.492366 0.303109 0.076336 0.088083
3 0.536260 0.253886 0.064885 0.072539
3 0.078244 0.041451 0.087786 0.072539
3 0.146947 0.116580 0.064885 0.067358
3 0.645038 0.129534 0.061069 0.072539
3 0.877863 0.730570 0.068702 0.155440
3 0.658397 0.652850 0.110687 0.103627
3 0.274809 0.823834 0.061069 0.062176
3 0.230916 0.880829 0.072519 0.062176
3 0.614504 0.834197 0.061069 0.103627
3 0.673664 0.764249 0.057252 0.098446
3 0.963740 0.538860 0.049618 0.093264
3 0.782443 0.186528 0.053435 0.082902
3 0.830153 0.233161 0.057252 0.113990
