3 0.204545 0.437500 0.056818 0.087121
3 0.262784 0.468750 0.102273 0.081439
3 0.159801 0.624053 0.092330 0.089015
3 0.258523 0.673295 0.088068 0.096591
3 0.095881 0.089015 0.083807 0.075758
3 0.476562 0.514205 0.103693 0.134470
3 0.411932 0.276515 0.105114 0.098485
3 0.277699 0.055871 0.086648 0.089015
3 0.558239 0.058712 0.076705 0.106061
3 0.595170 0.292614 0.076705 0.107955
3 0.210938 0.871212 0.080966 0.068182
3 0.382812 0.849432 0.083807 0.089015
3 0.824574 0.538826 0.089489 0.104167
3 0.621449 0.452652 0.117898 0.125000
3 0.822443 0.130682 0.099432 0.106061
3 0.875710 0.220644 0.092330 0.081439
3 0.828835 0.759470 0.103693 0.117424
3 0.646307 0.625000 0.062500 0.056818
