3 0.245000 0.307057 0.098000 0.181682
3 0.117000 0.186186 0.104000 0.084084
3 0.166000 0.073574 0.070000 0.075075
3 0.048500 0.461712 0.095000 0.148649
3 0.148500 0.672673 0.203000 0.255255
3 0.373500 0.760511 0.079000 0.130631
3 0.513500 0.828078 0.085000 0.121622
3 0.549500 0.467718 0.187000 0.223724
3 0.594000 0.273273 0.180000 0.132132
3 0.838000 0.535285 0.134000 0.181682
3 0.818000 0.268769 0.150000 0.117117
3 0.936000 0.075075 0.084000 0.117117
3 0.873000 0.048799 0.104000 0.085586
3 0.535500 0.067568 0.093000 0.123123
3 0.444500 0.132883 0.123000 0.127628
3 0.593000 0.879129 0.110000 0.109610
3 0.813000 0.683183 0.100000 0.105105
3 0.768000 0.774775 0.106000 0.135135
