3 0.383310 0.488940 0.121021 0.159761
3 0.292486 0.623771 0.060627 0.082514
3 0.532654 0.507549 0.052200 0.075492
3 0.271419 0.772472 0.098549 0.150983
3 0.130267 0.718223 0.139747 0.154143
3 0.068352 0.542486 0.108146 0.125000
3 0.071746 0.280899 0.134129 0.134129
3 0.208450 0.301615 0.104635 0.103230
3 0.246957 0.365520 0.053839 0.051966
3 0.242860 0.196805 0.091058 0.069171
3 0.437968 0.074789 0.105337 0.108146
3 0.375819 0.182760 0.056414 0.049508
3 0.403909 0.309164 0.033006 0.044593
3 0.132374 0.960499 0.160346 0.079003
3 0.503745 0.702072 0.159644 0.152739
3 0.606742 0.804424 0.150749 0.160815
3 0.656718 0.706285 0.059223 0.066362
3 0.790964 0.599368 0.141854 0.151685
3 0.940309 0.554951 0.085206 0.147823
3 0.971208 0.209094 0.046816 0.081812
3 0.800796 0.240169 0.106742 0.125000
3 0.782303 0.362886 0.123127 0.185042
3 0.533708 0.358322 0.123127 0.136587
3 0.489583 0.408883 0.114934 0.128160
3 0.796465 0.954178 0.062032 0.068469
3 0.845272 0.778090 0.041199 0.085674
