3 0.759238 0.398921 0.123557 0.065468
3 0.245381 0.592806 0.102771 0.056115
3 0.533487 0.684173 0.131640 0.070504
3 0.693995 0.682374 0.083141 0.056835
3 0.213626 0.474460 0.092379 0.058273
3 0.177829 0.411871 0.092379 0.039568
3 0.559469 0.255755 0.100462 0.056835
3 0.711316 0.870863 0.087760 0.074101
3 0.913972 0.630576 0.061201 0.041007
3 0.957852 0.706835 0.075058 0.043885
3 0.960162 0.503237 0.079677 0.052518
3 0.862587 0.328417 0.120092 0.062590
3 0.827367 0.241367 0.088915 0.046763
3 0.894342 0.176978 0.107390 0.038849
3 0.598152 0.199640 0.066975 0.026619
3 0.744226 0.178777 0.054273 0.042446
3 0.976328 0.215827 0.047344 0.044604
3 0.181293 0.339928 0.080831 0.028058
3 0.325058 0.288849 0.075058 0.038129
3 0.510970 0.630935 0.079677 0.046043
3 0.968245 0.874820 0.063510 0.054676
3 0.863741 0.757914 0.066975 0.036691
3 0.090069 0.493165 0.094688 0.053957
3 0.063510 0.392446 0.099307 0.066906
3 0.175520 0.311511 0.099307 0.053237
3 0.189376 0.244245 0.057737 0.038129
3 0.243649 0.216906 0.036952 0.030935
3 0.366051 0.230216 0.057737 0.025899
3 0.508083 0.384173 0.090069 0.048921
