3 0.234000 0.716036 0.184000 0.162584
3 0.110000 0.521158 0.172000 0.151448
3 0.087000 0.302895 0.130000 0.115813
3 0.398000 0.207127 0.112000 0.089087
3 0.415000 0.511136 0.102000 0.109131
3 0.321000 0.442094 0.106000 0.082405
3 0.703000 0.541203 0.158000 0.155902
3 0.523000 0.416481 0.186000 0.138085
3 0.770000 0.403118 0.140000 0.124722
3 0.061000 0.948775 0.118000 0.089087
3 0.567000 0.937639 0.150000 0.124722
3 0.758000 0.937639 0.052000 0.053452
3 0.935000 0.890869 0.130000 0.115813
3 0.295000 0.315145 0.082000 0.104677
