3 0.520769 0.525628 0.180000 0.226987
3 0.306154 0.424686 0.189231 0.474895
3 0.310769 0.295502 0.193846 0.193515
3 0.516538 0.648536 0.165385 0.491632
3 0.058077 0.632845 0.086923 0.131799
3 0.063846 0.803870 0.061538 0.078452
3 0.148846 0.311192 0.119231 0.109833
3 0.708077 0.354603 0.157692 0.244770
3 0.446923 0.321653 0.100000 0.078452
3 0.339231 0.027197 0.061538 0.050209
3 0.282692 0.075837 0.053077 0.055439
3 0.205385 0.100941 0.064615 0.070084
3 0.548462 0.259937 0.043077 0.059623
3 0.808846 0.271967 0.042308 0.054393
3 0.897308 0.564854 0.050000 0.073222
3 0.129615 0.813808 0.034615 0.041841
3 0.185000 0.820607 0.050000 0.047071
3 0.835000 0.688285 0.048462 0.056485
3 0.913846 0.661088 0.030769 0.033473
3 0.817308 0.069038 0.126923 0.135983
3 0.751538 0.222280 0.090769 0.088912
3 0.485385 0.450837 0.938462 0.809623
