3 0.515137 0.372559 0.104492 0.098633
3 0.096191 0.327148 0.106445 0.070312
3 0.284180 0.496094 0.113281 0.095703
3 0.419434 0.526855 0.124023 0.092773
3 0.417480 0.635742 0.135742 0.107422
3 0.396973 0.746094 0.133789 0.093750
3 0.169922 0.717773 0.105469 0.085938
3 0.080566 0.855957 0.127930 0.122070
3 0.282715 0.839355 0.157227 0.125977
3 0.538086 0.830078 0.119141 0.101562
3 0.660156 0.323730 0.080078 0.081055
3 0.888672 0.443359 0.126953 0.115234
3 0.841797 0.348633 0.117188 0.070312
3 0.212402 0.140625 0.094727 0.062500
3 0.316406 0.100586 0.107422 0.093750
3 0.127441 0.052246 0.112305 0.049805
3 0.065430 0.092285 0.082031 0.073242
3 0.431641 0.027344 0.101562 0.046875
3 0.270020 0.034668 0.083008 0.061523
3 0.478027 0.102539 0.036133 0.066406
3 0.519043 0.136719 0.067383 0.046875
3 0.367676 0.233887 0.081055 0.065430
3 0.301758 0.222656 0.037109 0.023438
3 0.017090 0.320312 0.028320 0.029297
3 0.049805 0.663086 0.052734 0.037109
3 0.181152 0.907227 0.098633 0.107422
3 0.799805 0.696777 0.087891 0.100586
3 0.903809 0.674316 0.106445 0.131836
3 0.594727 0.502441 0.056641 0.081055
3 0.529785 0.601074 0.055664 0.055664
3 0.653809 0.519043 0.114258 0.108398
3 0.915527 0.531250 0.024414 0.039062
3 0.222656 0.301758 0.027344 0.023438
3 0.073242 0.195312 0.027344 0.025391
3 0.134277 0.281250 0.024414 0.021484
3 0.562012 0.060547 0.069336 0.062500
3 0.881836 0.162109 0.068359 0.068359
3 0.962402 0.191406 0.071289 0.097656
3 0.828613 0.075195 0.096680 0.066406
3 0.745605 0.317871 0.020508 0.047852
3 0.299316 0.959961 0.137695 0.080078
3 0.695801 0.848633 0.159180 0.130859
3 0.972168 0.692383 0.051758 0.072266
3 0.895996 0.600586 0.030273 0.033203
3 0.870117 0.882812 0.035156 0.033203
3 0.958984 0.881348 0.052734 0.038086
3 0.820801 0.960449 0.086914 0.077148
3 0.685059 0.112305 0.061523 0.052734
3 0.762695 0.143066 0.072266 0.063477
3 0.759277 0.210938 0.063477 0.056641
3 0.874512 0.263184 0.032227 0.028320
3 0.982422 0.350098 0.035156 0.030273
3 0.496582 0.540527 0.024414 0.034180
