3 0.559278 0.378378 0.118557 0.077220
3 0.502577 0.447876 0.097938 0.061776
3 0.500000 0.617761 0.113402 0.077220
3 0.376289 0.656371 0.113402 0.077220
3 0.231959 0.621622 0.092784 0.077220
3 0.301546 0.777992 0.097938 0.065637
3 0.159794 0.428571 0.103093 0.061776
3 0.402062 0.337838 0.123711 0.073359
3 0.811856 0.513514 0.118557 0.077220
3 0.932990 0.640927 0.113402 0.077220
3 0.554124 0.148649 0.097938 0.050193
3 0.523196 0.044402 0.118557 0.057915
3 0.755155 0.040541 0.067010 0.050193
3 0.162371 0.164093 0.087629 0.057915
3 0.871134 0.291506 0.113402 0.073359
