3 0.263184 0.459736 0.155273 0.210835
3 0.174316 0.371889 0.083008 0.105417
3 0.049316 0.184480 0.071289 0.081991
3 0.367188 0.235725 0.240234 0.327965
3 0.375000 0.147877 0.054688 0.058565
3 0.609863 0.201318 0.088867 0.083455
3 0.148438 0.863836 0.208984 0.272328
3 0.386230 0.811127 0.153320 0.202050
3 0.278809 0.906296 0.069336 0.093704
3 0.316406 0.649341 0.085938 0.080527
3 0.443848 0.543924 0.071289 0.101025
3 0.536133 0.699122 0.189453 0.238653
3 0.567383 0.864568 0.171875 0.144949
3 0.708984 0.401903 0.150391 0.188873
3 0.877930 0.191069 0.144531 0.203514
3 0.824219 0.140556 0.033203 0.046852
3 0.545898 0.075403 0.087891 0.103953
3 0.631836 0.102489 0.136719 0.181552
3 0.707520 0.204246 0.118164 0.168375
3 0.880371 0.180088 0.116211 0.187408
3 0.971680 0.266471 0.056641 0.102489
3 0.832520 0.314056 0.053711 0.065886
3 0.899902 0.389458 0.043945 0.049780
3 0.959473 0.359444 0.032227 0.057101
3 0.780762 0.767936 0.057617 0.074671
3 0.882812 0.824305 0.041016 0.064422
3 0.913574 0.757687 0.071289 0.191801
3 0.985352 0.637628 0.029297 0.150805
3 0.990234 0.894583 0.019531 0.196193
