3 0.167697 0.461538 0.069552 0.057692
3 0.038640 0.517308 0.064915 0.073077
3 0.239567 0.582692 0.064915 0.053846
3 0.639104 0.676923 0.063369 0.065385
3 0.729521 0.610577 0.061824 0.059615
3 0.164606 0.855769 0.316847 0.196154
3 0.394127 0.614423 0.265842 0.140385
3 0.462906 0.441346 0.224111 0.078846
3 0.510046 0.337500 0.163833 0.082692
3 0.085008 0.384615 0.166924 0.173077
3 0.223338 0.435577 0.174652 0.101923
3 0.847759 0.388462 0.214838 0.111538
3 0.888717 0.532692 0.219474 0.150000
3 0.792117 0.755769 0.208655 0.165385
3 0.621329 0.814423 0.182380 0.159615
