3 0.415714 0.651429 0.200000 0.255238
3 0.693571 0.566667 0.227143 0.253333
3 0.110714 0.487619 0.190000 0.243810
3 0.297857 0.175238 0.150000 0.182857
3 0.133571 0.192381 0.044286 0.049524
3 0.025714 0.167619 0.045714 0.064762
3 0.154286 0.862857 0.285714 0.255238
3 0.882143 0.708571 0.124286 0.156190
3 0.937143 0.638095 0.125714 0.175238
3 0.968571 0.460000 0.054286 0.074286
3 0.805000 0.185714 0.164286 0.188571
3 0.591429 0.251429 0.108571 0.114286
3 0.521429 0.368571 0.134286 0.165714
3 0.437857 0.410476 0.135714 0.211429
3 0.580714 0.045714 0.118571 0.087619
3 0.846429 0.043810 0.190000 0.083810
3 0.765000 0.823810 0.130000 0.131429
