3 0.102778 0.369792 0.105556 0.081250
3 0.184722 0.294792 0.130556 0.064583
3 0.298611 0.245833 0.136111 0.066667
3 0.609722 0.046875 0.113889 0.064583
3 0.201389 0.557292 0.119444 0.081250
3 0.311111 0.494792 0.083333 0.064583
3 0.413889 0.522917 0.083333 0.054167
3 0.498611 0.511458 0.119444 0.072917
3 0.647222 0.392708 0.100000 0.085417
3 0.588889 0.308333 0.122222 0.075000
3 0.893056 0.416667 0.102778 0.066667
3 0.841667 0.305208 0.088889 0.064583
3 0.941667 0.285417 0.100000 0.079167
3 0.950000 0.511458 0.100000 0.085417
3 0.852778 0.727083 0.111111 0.100000
3 0.351389 0.888542 0.080556 0.068750
3 0.706944 0.913542 0.119444 0.089583
3 0.520833 0.750000 0.097222 0.070833
3 0.315278 0.680208 0.152778 0.106250
3 0.343056 0.764583 0.108333 0.050000
3 0.662500 0.744792 0.258333 0.106250
3 0.644444 0.537500 0.183333 0.100000
3 0.647222 0.623958 0.244444 0.085417
