3 0.116875 0.351724 0.036250 0.055172
3 0.155625 0.357759 0.041250 0.046552
3 0.239375 0.390517 0.038750 0.043103
3 0.208750 0.331034 0.030000 0.044828
3 0.166875 0.459483 0.038750 0.036207
3 0.156875 0.409483 0.036250 0.036207
3 0.310625 0.519828 0.033750 0.043103
3 0.352500 0.520690 0.050000 0.048276
3 0.315625 0.453448 0.031250 0.037931
3 0.328125 0.386207 0.028750 0.031034
3 0.284375 0.287931 0.038750 0.044828
3 0.246250 0.151724 0.032500 0.041379
3 0.459375 0.250000 0.036250 0.034483
3 0.461250 0.279310 0.055000 0.031034
3 0.576250 0.559483 0.037500 0.050000
3 0.486250 0.561207 0.062500 0.056897
3 0.493125 0.660345 0.053750 0.065517
3 0.415000 0.672414 0.045000 0.058621
3 0.586250 0.662931 0.062500 0.063793
3 0.608750 0.594828 0.047500 0.051724
3 0.631250 0.560345 0.037500 0.034483
3 0.729375 0.428448 0.048750 0.053448
3 0.766250 0.403448 0.047500 0.068966
3 0.808750 0.387069 0.052500 0.056897
3 0.413750 0.412931 0.030000 0.036207
3 0.542500 0.426724 0.045000 0.043103
3 0.493125 0.427586 0.031250 0.044828
3 0.606875 0.193966 0.026250 0.039655
3 0.699375 0.225862 0.043750 0.051724
3 0.875000 0.346552 0.050000 0.044828
3 0.926875 0.431897 0.048750 0.053448
3 0.712500 0.318966 0.095000 0.106897
3 0.549375 0.306034 0.268750 0.277586
3 0.382500 0.498276 0.480000 0.386207
3 0.218125 0.161207 0.431250 0.143103
