3 0.221248 0.221826 0.144250 0.158345
3 0.120370 0.365193 0.073099 0.105563
3 0.076023 0.089158 0.077973 0.081312
3 0.103314 0.725392 0.132554 0.152639
3 0.368421 0.273181 0.148148 0.198288
3 0.437135 0.450071 0.205653 0.281027
3 0.414230 0.726106 0.132554 0.162625
3 0.613548 0.723252 0.088694 0.142653
3 0.595029 0.110556 0.092593 0.124108
3 0.445906 0.161198 0.108187 0.122682
3 0.711988 0.261056 0.080897 0.091298
3 0.805068 0.296006 0.146199 0.169757
3 0.864522 0.411555 0.150097 0.175464
3 0.692495 0.441512 0.080897 0.115549
3 0.629142 0.487874 0.061404 0.085592
3 0.566277 0.355207 0.079922 0.079886
3 0.806530 0.632668 0.065302 0.089872
3 0.744152 0.579173 0.061404 0.091298
3 0.965400 0.642653 0.069201 0.112696
3 0.959552 0.794579 0.080897 0.111270
